

# Erstellung einer symmetrischen und positiv definiten Korrelationsmatrix mit 'polycor' auf Basis eines Teil-Datensatzes. 
# Die Matrix der Rohwerte wird zur Simulation der Korrelationen verwendet.

corr_matr <- structure(c(1, 0.0226904386241001, 0.287423910191864, 0.039297466879287, 0.0834945283290452, 0.237943818619894, 0.240336583363007, 0.155652537737046, 0.508272659484203,
                         0.0445385334107076, 0.104312624921644, -0.176013556143049, -0.0753122660398333, -0.117385197212055, -0.593922021361118, 0.0256042094561309, 0.143409639622577, 
                         0.166281362437914, 0.191474523468914, 0.261790709692442, 0.00458902294453562, -0.0104526596086264, -0.0341515382332764, 0.0160200065702116, 0.0226904386241001, 
                         1, 0.281230467559081, -0.0200928245746959, 0.0890834976575749, 0.0885450645175781, 0.0547763637051538, -0.0507595010487025, 0.0401432409755137, -0.0381435728993085,
                         0.187192576902336, 0.0404566057141824, -0.103681529569573, -0.040429965832838, -0.00437896683197318, -0.0373298860547858, 0.0248212528859221, 0.0786234614814761, 
                         0.0369437722110703, 0.0778558224574771, -0.00617669333742416, 0.0343738134746495, 0.0121400164785561, 0.0135586867428188, 0.287423910191864, 0.281230467559081, 1,
                         -0.0130282168344179, 0.109706295978816, 0.0774223428421797, 0.0638038806010484, 0.0809481661786407, 0.110370708563354, -0.0283595409810171, 0.270383025511398,
                         0.0395780811439311, -0.0319871164139846, -0.0652150327833336, -0.184209846008033, -0.0360899884158953, 0.112290971631208, 0.0647034298650168, 0.0630669709153504,
                         0.121719134154514, -0.000281503022599561, -0.00127778474183839, -0.0117029408683092, 0.0139628205916413, 0.039297466879287, -0.0200928245746959, -0.0130282168344179, 
                         1, 0.011358025125039, 0.220593991953974, 0.0342112603677627, 0.21650219689543, 0.0363976735636515, -0.0467066587814247, -0.0101361383254415, -0.0997089641051666, 
                         -0.0465303144315876, -0.0653677890044049, -0.011299216083668, 0.49037873655004, 0.0784821512646559, 0.158395160452917, 0.0550878981047605, 0.0284346996737608,
                         0.0201058167775078, 0.0882982129826988, 0.00936816800414712, 0.000624917748361539, 0.0834945283290452, 0.0890834976575749, 0.109706295978816, 0.011358025125039, 1, 
                         -0.0653937926260895, 0.067300633994607, 0.0610547962409984, 0.0948268613822006, 0.0367312136457556, 0.465725386956986, 0.170047114414291, 0.0440070053640328, 
                         -0.0939974597921537, -0.041559966191614, -0.112395499849137, 0.0823261502880136, 0.0282832426842873, 0.0486696283187448, 0.0802734830861672, 0.00207531837965094,
                          0.00237210081778481, 0.00417943130481191, 0.0031161796613389, 0.237943818619894, 0.0885450645175781, 0.0774223428421797, 0.220593991953974, -0.0653937926260895, 1,
                         0.357775399159064, -0.136664360969408, 0.101612791888658, -0.140469197417607, 0.0356076816533852, -0.083361771371511, -0.182012595573331, -0.0182408764137174, 
                         -0.136100945418238, -0.387529967607916, 0.136788041502741, 0.325056160222388, 0.128049193183271, 0.138561215374614, -0.00111949149376937, 0.000825545902129592, 
                         -0.00283294669440345, -0.00129965121479351, 0.240336583363007, 0.0547763637051538, 0.0638038806010484, 0.0342112603677627, 0.067300633994607, 0.357775399159064, 1, 
                          0.0820408521621895, 0.452819998516235, -0.333822125782146, -0.0776718343244727, -0.278382362019213, -0.263123662238071, -0.263992589645078, -0.132641622128831,
                         -0.034347791663436, -0.0282248126303432, -0.101080773227392, -0.104828468010756, 0.0559786412806355, 0.000342936517829991, 0.000182985706867545, 0.000748056534881215,
                          0.000477077973460438, 0.155652537737046, -0.0507595010487025, 0.0809481661786407, 0.21650219689543, 0.0610547962409984, -0.136664360969408, 0.0820408521621895, 1,
                          0.185827963015735, 0.0933948959137593, -0.0903079549923995, -0.166126860419304, 0.0330735740458135, -0.169501271365861, -0.0876700403517159, 0.0105520759242259,
                         -0.0401522330491124, -0.129739969426336, -0.0541225759870832, -0.0615281989438208, 0.00107133594387495, -0.0684571949035689, -0.0216930841373259, -0.000515359520740467, 
                         0.508272659484203, 0.0401432409755137, 0.110370708563354, 0.0363976735636515, 0.0948268613822006, 0.101612791888658, 0.452819998516235, 0.185827963015735, 1,
                         0.34840263857102, -0.0744526566427002, -0.31451072903262, -0.160179611580385, -0.236244113206871, -0.251742664639493, 0.149600957446054, -0.0511551891742671,
                         -0.177244701333524, -0.163711139349596, 0.0751243910327169, -0.000157014509342362, -0.0308564984124284,  -0.017522780533263, 0.0272134325552771, 0.0445385334107076,
                         -0.0381435728993085, -0.0283595409810171, -0.0467066587814247, 0.0367312136457556, -0.140469197417607, -0.333822125782146, 0.0933948959137593, 0.34840263857102, 
                       1, 0.120678332117263, 0.0870872437839783, 0.0609484110939613, -0.00822271637149716, -0.0141406824247951, 0.0897568275641666, -0.0289528929242576, -0.0618700422548778,
                         -0.0674522928819803, -0.0100005262490001, -0.0171701830772989, -0.0398447390584043, -0.00026882529046429, 0.00177021861145405, 0.104312624921644, 0.187192576902336,
                         0.270383025511398, -0.0101361383254415, 0.465725386956986, 0.0356076816533852, -0.0776718343244727, -0.0903079549923995, -0.0744526566427002, 0.120678332117263, 1,
                         0.226475856886428, -0.498404077271821, -0.426134331251291, -0.024655632375222, -0.0571399116281469, 0.404852084380097, 0.72261011130612, 0.309474537039162, 0.39651845633678, 
                       -0.0189961999266772, 0.153760483764491, 0.131395408383706, 0.0476131949162835, -0.176013556143049, 0.0404566057141824, 0.0395780811439311, -0.0997089641051666, 
                       0.170047114414291, -0.083361771371511, -0.278382362019213, -0.166126860419304, -0.31451072903262, 0.0870872437839783, 0.226475856886428, 1, 0.378192983783549, 
                         0.512239936388876, 0.102098292952381, 0.010492510706393, -0.585427995545704, 0.130676035812429, -0.147850827548203, 0.0463390446040934, -0.102446205388025, 
                         -0.00929447972426656, -0.03083177249573, -0.0108387328957429, -0.0753122660398333, -0.103681529569573, -0.0319871164139846, -0.0465303144315876, 0.0440070053640328, 
                       -0.182012595573331, -0.263123662238071, 0.0330735740458135, -0.160179611580385, 0.0609484110939613, -0.498404077271821, 0.378192983783549, 1, 0.853385976641362, 
                         0.0637205205851635, 0.0351892903290928, -0.260490321862042, -0.552501450152432, -0.244163605123395, -0.158502833667146, -0.0264423054042917, -0.235774474607536, 
                         -0.0842530835684559, -0.0312434737328059, -0.117385197212055, -0.040429965832838, -0.0652150327833336, -0.0653677890044049, -0.0939974597921537, -0.0182408764137174, 
                       -0.263992589645078, -0.169501271365861, -0.236244113206871, -0.00822271637149716, -0.426134331251291, 0.512239936388876, 0.853385976641362, 1, 0.0659875345870315,
                         -0.0268318878454995, -0.292989462032138, -0.271947083658842, -0.466963961901093, -0.136461190281954, -0.0249697687575234, -0.0974050459586575, -0.210424238611321,
                         -0.0334338432090506, -0.593922021361118, -0.00437896683197318, -0.184209846008033, -0.011299216083668, -0.041559966191614, -0.136100945418238, -0.132641622128831, 
